0.000000e+00 5.000000e-01
-3.649113e-02 1.003244e+00
0.000000e+00 0.000000e+00 0.000000e+00
0.000000e+00 0.000000e+00 0.000000e+00
0.000000e+00 0.000000e+00 0.000000e+00
0.000000e+00 0.000000e+00 0.000000e+00
0.000000e+00 0.000000e+00 0.000000e+00
5.657342e-02 2.546561e-01 -1.291316e-01 9.295082e-02
1.157625e+00 -1.858693e-01 0.000000e+00 -4.531724e-01
1.131468e-01 1.131468e-01
0.000000e+00 1.049332e+00
8.900000e-01 6.500000e-01
2.724746e-01 0.000000e+00 0.000000e+00
0.000000e+00 0.000000e+00
0.000000e+00 0.000000e+00
0.000000e+00 0.000000e+00
0.000000e+00 0.000000e+00 0.000000e+00
0.000000e+00 0.000000e+00
0.000000e+00 0.000000e+00
