0.000000e+00 5.000000e-01
-6.111447e-02 1.003214e+00
0.000000e+00 0.000000e+00 0.000000e+00
0.000000e+00 0.000000e+00 0.000000e+00
0.000000e+00 0.000000e+00 0.000000e+00
0.000000e+00 0.000000e+00 0.000000e+00
0.000000e+00 0.000000e+00 0.000000e+00
3.087222e-02 2.588431e-01 -1.286573e-01 5.417677e-02
1.147576e+00 -1.676035e-01 0.000000e+00 -4.090684e-01
6.174444e-02 6.174444e-02
0.000000e+00 8.648362e-01
8.900000e-01 6.500000e-01
2.724746e-01 0.000000e+00 0.000000e+00
0.000000e+00 0.000000e+00
0.000000e+00 0.000000e+00
0.000000e+00 0.000000e+00
0.000000e+00 0.000000e+00 0.000000e+00
0.000000e+00 0.000000e+00
0.000000e+00 0.000000e+00
