0.000000e+00 5.000000e-01
-5.148819e-02 1.003239e+00
0.000000e+00 0.000000e+00 0.000000e+00
0.000000e+00 0.000000e+00 0.000000e+00
0.000000e+00 0.000000e+00 0.000000e+00
0.000000e+00 0.000000e+00 0.000000e+00
0.000000e+00 0.000000e+00 0.000000e+00
2.891509e-02 2.555446e-01 -1.239384e-01 4.933171e-02
1.146919e+00 -1.658526e-01 0.000000e+00 -4.070146e-01
5.783018e-02 5.783018e-02
0.000000e+00 8.468909e-01
8.900000e-01 6.500000e-01
2.724746e-01 0.000000e+00 0.000000e+00
0.000000e+00 0.000000e+00
0.000000e+00 0.000000e+00
0.000000e+00 0.000000e+00
0.000000e+00 0.000000e+00 0.000000e+00
0.000000e+00 0.000000e+00
0.000000e+00 0.000000e+00
