0.000000e+00 5.000000e-01
-2.300764e-02 1.003207e+00
0.000000e+00 0.000000e+00 0.000000e+00
0.000000e+00 0.000000e+00 0.000000e+00
0.000000e+00 0.000000e+00 0.000000e+00
0.000000e+00 0.000000e+00 0.000000e+00
0.000000e+00 0.000000e+00 0.000000e+00
6.361511e-02 2.525794e-01 -1.296333e-01 1.036060e-01
1.152107e+00 -1.918089e-01 0.000000e+00 -4.382416e-01
1.272302e-01 1.272302e-01
0.000000e+00 1.089236e+00
8.900000e-01 6.500000e-01
2.724746e-01 0.000000e+00 0.000000e+00
0.000000e+00 0.000000e+00
0.000000e+00 0.000000e+00
0.000000e+00 0.000000e+00
0.000000e+00 0.000000e+00 0.000000e+00
0.000000e+00 0.000000e+00
0.000000e+00 0.000000e+00
