0.000000e+00 5.000000e-01
-4.572308e-02 1.003225e+00
0.000000e+00 0.000000e+00 0.000000e+00
0.000000e+00 0.000000e+00 0.000000e+00
0.000000e+00 0.000000e+00 0.000000e+00
0.000000e+00 0.000000e+00 0.000000e+00
0.000000e+00 0.000000e+00 0.000000e+00
2.711104e-02 2.544308e-01 -1.231961e-01 4.685134e-02
1.139741e+00 -1.649480e-01 0.000000e+00 -3.829891e-01
5.422208e-02 5.422208e-02
0.000000e+00 8.295941e-01
8.900000e-01 6.500000e-01
2.724746e-01 0.000000e+00 0.000000e+00
0.000000e+00 0.000000e+00
0.000000e+00 0.000000e+00
0.000000e+00 0.000000e+00
0.000000e+00 0.000000e+00 0.000000e+00
0.000000e+00 0.000000e+00
0.000000e+00 0.000000e+00
