0.000000e+00 5.000000e-01
-2.898934e-02 1.003237e+00
0.000000e+00 0.000000e+00 0.000000e+00
0.000000e+00 0.000000e+00 0.000000e+00
0.000000e+00 0.000000e+00 0.000000e+00
0.000000e+00 0.000000e+00 0.000000e+00
0.000000e+00 0.000000e+00 0.000000e+00
2.318125e-02 2.523688e-01 -1.240409e-01 4.211714e-02
1.109140e+00 -1.631094e-01 0.000000e+00 -2.831667e-01
4.636250e-02 4.636250e-02
0.000000e+00 7.889771e-01
8.900000e-01 6.500000e-01
2.724746e-01 0.000000e+00 0.000000e+00
0.000000e+00 0.000000e+00
0.000000e+00 0.000000e+00
0.000000e+00 0.000000e+00
0.000000e+00 0.000000e+00 0.000000e+00
0.000000e+00 0.000000e+00
0.000000e+00 0.000000e+00
