0.000000e+00 5.000000e-01
-3.046096e-03 1.002905e+00
0.000000e+00 0.000000e+00 0.000000e+00
0.000000e+00 0.000000e+00 0.000000e+00
0.000000e+00 0.000000e+00 0.000000e+00
0.000000e+00 0.000000e+00 0.000000e+00
0.000000e+00 0.000000e+00 0.000000e+00
1.057262e-01 2.248837e-01 -1.186119e-01 1.582076e-01
1.166993e+00 -2.017185e-01 0.000000e+00 -5.247568e-01
2.114524e-01 2.114524e-01
0.000000e+00 1.279548e+00
8.900000e-01 6.500000e-01
2.724746e-01 0.000000e+00 0.000000e+00
0.000000e+00 0.000000e+00
0.000000e+00 0.000000e+00
0.000000e+00 0.000000e+00
0.000000e+00 0.000000e+00 0.000000e+00
0.000000e+00 0.000000e+00
0.000000e+00 0.000000e+00
