0.000000e+00 5.000000e-01
-6.251960e-02 1.003212e+00
0.000000e+00 0.000000e+00 0.000000e+00
0.000000e+00 0.000000e+00 0.000000e+00
0.000000e+00 0.000000e+00 0.000000e+00
0.000000e+00 0.000000e+00 0.000000e+00
0.000000e+00 0.000000e+00 0.000000e+00
3.783132e-02 2.582062e-01 -1.274317e-01 6.374566e-02
1.162217e+00 -1.715161e-01 0.000000e+00 -4.606358e-01
7.566264e-02 7.566264e-02
0.000000e+00 9.229302e-01
8.900000e-01 6.500000e-01
2.724746e-01 0.000000e+00 0.000000e+00
0.000000e+00 0.000000e+00
0.000000e+00 0.000000e+00
0.000000e+00 0.000000e+00
0.000000e+00 0.000000e+00 0.000000e+00
0.000000e+00 0.000000e+00
0.000000e+00 0.000000e+00
