-7.609784e-01 6.103834e-01
0.000000e+00 1.000000e+00
0.000000e+00 0.000000e+00 0.000000e+00
0.000000e+00 0.000000e+00 0.000000e+00
0.000000e+00 0.000000e+00 0.000000e+00
0.000000e+00 0.000000e+00 0.000000e+00
0.000000e+00 0.000000e+00 0.000000e+00
3.709871e-04 7.636167e-03 7.914273e-03 -2.347933e-05
5.089518e-01 -6.412546e-03 0.000000e+00 -6.498795e-01
7.419742e-04 7.419742e-04
0.000000e+00 2.073367e-01
8.900000e-01 6.500000e-01
2.724746e-01 0.000000e+00 0.000000e+00
0.000000e+00 0.000000e+00
0.000000e+00 0.000000e+00
0.000000e+00 0.000000e+00
0.000000e+00 0.000000e+00 0.000000e+00
0.000000e+00 0.000000e+00
0.000000e+00 0.000000e+00
