0.000000e+00 5.000000e-01
-2.957694e-02 1.003234e+00
0.000000e+00 0.000000e+00 0.000000e+00
0.000000e+00 0.000000e+00 0.000000e+00
0.000000e+00 0.000000e+00 0.000000e+00
0.000000e+00 0.000000e+00 0.000000e+00
0.000000e+00 0.000000e+00 0.000000e+00
5.880660e-02 2.541579e-01 -1.295956e-01 9.665767e-02
1.153902e+00 -1.883132e-01 0.000000e+00 -4.416209e-01
1.176132e-01 1.176132e-01
0.000000e+00 1.062342e+00
8.900000e-01 6.500000e-01
2.724746e-01 0.000000e+00 0.000000e+00
0.000000e+00 0.000000e+00
0.000000e+00 0.000000e+00
0.000000e+00 0.000000e+00
0.000000e+00 0.000000e+00 0.000000e+00
0.000000e+00 0.000000e+00
0.000000e+00 0.000000e+00
