0.000000e+00 5.000000e-01
-4.938365e-02 1.003215e+00
0.000000e+00 0.000000e+00 0.000000e+00
0.000000e+00 0.000000e+00 0.000000e+00
0.000000e+00 0.000000e+00 0.000000e+00
0.000000e+00 0.000000e+00 0.000000e+00
0.000000e+00 0.000000e+00 0.000000e+00
2.799485e-02 2.507533e-01 -1.166131e-01 4.574336e-02
1.159747e+00 -1.635045e-01 0.000000e+00 -4.508518e-01
5.598971e-02 5.598971e-02
0.000000e+00 8.381636e-01
8.900000e-01 6.500000e-01
2.724746e-01 0.000000e+00 0.000000e+00
0.000000e+00 0.000000e+00
0.000000e+00 0.000000e+00
0.000000e+00 0.000000e+00
0.000000e+00 0.000000e+00 0.000000e+00
0.000000e+00 0.000000e+00
0.000000e+00 0.000000e+00
