0.000000e+00 5.000000e-01
-9.862808e-04 1.003126e+00
0.000000e+00 0.000000e+00 0.000000e+00
0.000000e+00 0.000000e+00 0.000000e+00
0.000000e+00 0.000000e+00 0.000000e+00
0.000000e+00 0.000000e+00 0.000000e+00
0.000000e+00 0.000000e+00 0.000000e+00
1.334572e-01 2.032757e-01 -1.090837e-01 1.895815e-01
1.176349e+00 -2.003609e-01 0.000000e+00 -5.885857e-01
2.669144e-01 2.669144e-01
0.000000e+00 1.377091e+00
8.900000e-01 6.500000e-01
2.724746e-01 0.000000e+00 0.000000e+00
0.000000e+00 0.000000e+00
0.000000e+00 0.000000e+00
0.000000e+00 0.000000e+00
0.000000e+00 0.000000e+00 0.000000e+00
0.000000e+00 0.000000e+00
0.000000e+00 0.000000e+00
