0.000000e+00 5.000000e-01
0.000000e+00 1.000000e+00
0.000000e+00 0.000000e+00 0.000000e+00
0.000000e+00 0.000000e+00 0.000000e+00
0.000000e+00 0.000000e+00 0.000000e+00
0.000000e+00 0.000000e+00 0.000000e+00
0.000000e+00 0.000000e+00 0.000000e+00
2.580472e-04 1.676384e-02 9.699769e-03 -2.903260e-05
1.016718e+00 -1.450312e-02 0.000000e+00 -1.049593e+00
5.160943e-04 5.160943e-04
0.000000e+00 1.842955e-01
8.900000e-01 6.500000e-01
2.724746e-01 0.000000e+00 0.000000e+00
0.000000e+00 0.000000e+00
0.000000e+00 0.000000e+00
0.000000e+00 0.000000e+00
0.000000e+00 0.000000e+00 0.000000e+00
0.000000e+00 0.000000e+00
0.000000e+00 0.000000e+00
