0.000000e+00 5.000000e-01
-3.165477e-02 1.003207e+00
0.000000e+00 0.000000e+00 0.000000e+00
0.000000e+00 0.000000e+00 0.000000e+00
0.000000e+00 0.000000e+00 0.000000e+00
0.000000e+00 0.000000e+00 0.000000e+00
0.000000e+00 0.000000e+00 0.000000e+00
2.390697e-02 2.517294e-01 -1.224618e-01 4.267593e-02
1.116815e+00 -1.635326e-01 0.000000e+00 -3.081596e-01
4.781393e-02 4.781393e-02
0.000000e+00 7.968156e-01
8.900000e-01 6.500000e-01
2.724746e-01 0.000000e+00 0.000000e+00
0.000000e+00 0.000000e+00
0.000000e+00 0.000000e+00
0.000000e+00 0.000000e+00
0.000000e+00 0.000000e+00 0.000000e+00
0.000000e+00 0.000000e+00
0.000000e+00 0.000000e+00
