0.000000e+00 5.000000e-01
-2.657805e-02 1.003243e+00
0.000000e+00 0.000000e+00 0.000000e+00
0.000000e+00 0.000000e+00 0.000000e+00
0.000000e+00 0.000000e+00 0.000000e+00
0.000000e+00 0.000000e+00 0.000000e+00
0.000000e+00 0.000000e+00 0.000000e+00
2.248293e-02 2.514047e-01 -1.234026e-01 4.104035e-02
1.105592e+00 -1.623582e-01 0.000000e+00 -2.719200e-01
4.496586e-02 4.496586e-02
0.000000e+00 7.812740e-01
8.900000e-01 6.500000e-01
2.724746e-01 0.000000e+00 0.000000e+00
0.000000e+00 0.000000e+00
0.000000e+00 0.000000e+00
0.000000e+00 0.000000e+00
0.000000e+00 0.000000e+00 0.000000e+00
0.000000e+00 0.000000e+00
0.000000e+00 0.000000e+00
