0.000000e+00 5.000000e-01
-1.800676e-03 1.003297e+00
0.000000e+00 0.000000e+00 0.000000e+00
0.000000e+00 0.000000e+00 0.000000e+00
0.000000e+00 0.000000e+00 0.000000e+00
0.000000e+00 0.000000e+00 0.000000e+00
0.000000e+00 0.000000e+00 0.000000e+00
1.213800e-01 2.127278e-01 -1.132052e-01 1.762132e-01
1.173453e+00 -2.011269e-01 0.000000e+00 -5.642966e-01
2.427599e-01 2.427599e-01
0.000000e+00 1.336543e+00
8.900000e-01 6.500000e-01
2.724746e-01 0.000000e+00 0.000000e+00
0.000000e+00 0.000000e+00
0.000000e+00 0.000000e+00
0.000000e+00 0.000000e+00
0.000000e+00 0.000000e+00 0.000000e+00
0.000000e+00 0.000000e+00
0.000000e+00 0.000000e+00
