0.000000e+00 5.000000e-01
0.000000e+00 1.000000e+00
0.000000e+00 0.000000e+00 0.000000e+00
0.000000e+00 0.000000e+00 0.000000e+00
0.000000e+00 0.000000e+00 0.000000e+00
0.000000e+00 0.000000e+00 0.000000e+00
0.000000e+00 0.000000e+00 0.000000e+00
1.338011e-04 2.424928e-02 4.476048e-03 -4.040217e-05
1.138548e+00 -2.646544e-02 0.000000e+00 -4.817873e-01
2.676021e-04 2.676021e-04
0.000000e+00 1.489092e-01
8.900000e-01 6.500000e-01
2.724746e-01 0.000000e+00 0.000000e+00
0.000000e+00 0.000000e+00
0.000000e+00 0.000000e+00
0.000000e+00 0.000000e+00
0.000000e+00 0.000000e+00 0.000000e+00
0.000000e+00 0.000000e+00
0.000000e+00 0.000000e+00
