0.000000e+00 5.000000e-01
-7.102114e-03 1.003273e+00
0.000000e+00 0.000000e+00 0.000000e+00
0.000000e+00 0.000000e+00 0.000000e+00
0.000000e+00 0.000000e+00 0.000000e+00
0.000000e+00 0.000000e+00 0.000000e+00
0.000000e+00 0.000000e+00 0.000000e+00
8.859399e-02 2.378212e-01 -1.221684e-01 1.340025e-01
1.167477e+00 -1.987661e-01 0.000000e+00 -5.119837e-01
1.771880e-01 1.771880e-01
0.000000e+00 1.209957e+00
8.900000e-01 6.500000e-01
2.724746e-01 0.000000e+00 0.000000e+00
0.000000e+00 0.000000e+00
0.000000e+00 0.000000e+00
0.000000e+00 0.000000e+00
0.000000e+00 0.000000e+00 0.000000e+00
0.000000e+00 0.000000e+00
0.000000e+00 0.000000e+00
