0.000000e+00 5.000000e-01
-9.406580e-04 1.003599e+00
0.000000e+00 0.000000e+00 0.000000e+00
0.000000e+00 0.000000e+00 0.000000e+00
0.000000e+00 0.000000e+00 0.000000e+00
0.000000e+00 0.000000e+00 0.000000e+00
0.000000e+00 0.000000e+00 0.000000e+00
1.400631e-01 1.982346e-01 -1.068823e-01 1.965424e-01
1.178384e+00 -1.995519e-01 0.000000e+00 -6.039109e-01
2.801262e-01 2.801262e-01
0.000000e+00 1.398189e+00
8.900000e-01 6.500000e-01
2.724746e-01 0.000000e+00 0.000000e+00
0.000000e+00 0.000000e+00
0.000000e+00 0.000000e+00
0.000000e+00 0.000000e+00
0.000000e+00 0.000000e+00 0.000000e+00
0.000000e+00 0.000000e+00
0.000000e+00 0.000000e+00
