0.000000e+00 5.000000e-01
-3.444065e-02 1.003202e+00
0.000000e+00 0.000000e+00 0.000000e+00
0.000000e+00 0.000000e+00 0.000000e+00
0.000000e+00 0.000000e+00 0.000000e+00
0.000000e+00 0.000000e+00 0.000000e+00
0.000000e+00 0.000000e+00 0.000000e+00
2.466139e-02 2.539129e-01 -1.249239e-01 4.422533e-02
1.117046e+00 -1.643463e-01 0.000000e+00 -3.084906e-01
4.932277e-02 4.932277e-02
0.000000e+00 8.047929e-01
8.900000e-01 6.500000e-01
2.724746e-01 0.000000e+00 0.000000e+00
0.000000e+00 0.000000e+00
0.000000e+00 0.000000e+00
0.000000e+00 0.000000e+00
0.000000e+00 0.000000e+00 0.000000e+00
0.000000e+00 0.000000e+00
0.000000e+00 0.000000e+00
