0.000000e+00 5.000000e-01
-5.279809e-03 1.003247e+00
0.000000e+00 0.000000e+00 0.000000e+00
0.000000e+00 0.000000e+00 0.000000e+00
0.000000e+00 0.000000e+00 0.000000e+00
0.000000e+00 0.000000e+00 0.000000e+00
0.000000e+00 0.000000e+00 0.000000e+00
9.668468e-02 2.316081e-01 -1.215581e-01 1.475430e-01
1.163802e+00 -2.012138e-01 0.000000e+00 -5.050096e-01
1.933694e-01 1.933694e-01
0.000000e+00 1.243892e+00
8.900000e-01 6.500000e-01
2.724746e-01 0.000000e+00 0.000000e+00
0.000000e+00 0.000000e+00
0.000000e+00 0.000000e+00
0.000000e+00 0.000000e+00
0.000000e+00 0.000000e+00 0.000000e+00
0.000000e+00 0.000000e+00
0.000000e+00 0.000000e+00
