-4.060505e-02 8.330773e-01
0.000000e+00 1.000000e+00
0.000000e+00 0.000000e+00 0.000000e+00
0.000000e+00 0.000000e+00 0.000000e+00
0.000000e+00 0.000000e+00 0.000000e+00
0.000000e+00 0.000000e+00 0.000000e+00
0.000000e+00 0.000000e+00 0.000000e+00
1.378088e-03 8.176362e-02 -1.369247e-02 1.587030e-03
1.143750e+00 -8.163354e-02 0.000000e+00 -5.257816e-01
2.756176e-03 2.756176e-03
0.000000e+00 3.172958e-01
8.900000e-01 6.500000e-01
2.724746e-01 0.000000e+00 0.000000e+00
0.000000e+00 0.000000e+00
0.000000e+00 0.000000e+00
0.000000e+00 0.000000e+00
0.000000e+00 0.000000e+00 0.000000e+00
0.000000e+00 0.000000e+00
0.000000e+00 0.000000e+00
