0.000000e+00 5.000000e-01
-2.321154e-02 1.003152e+00
0.000000e+00 0.000000e+00 0.000000e+00
0.000000e+00 0.000000e+00 0.000000e+00
0.000000e+00 0.000000e+00 0.000000e+00
0.000000e+00 0.000000e+00 0.000000e+00
0.000000e+00 0.000000e+00 0.000000e+00
6.892778e-02 2.501410e-01 -1.287794e-01 1.107498e-01
1.158129e+00 -1.934886e-01 0.000000e+00 -4.624546e-01
1.378556e-01 1.378556e-01
0.000000e+00 1.117359e+00
8.900000e-01 6.500000e-01
2.724746e-01 0.000000e+00 0.000000e+00
0.000000e+00 0.000000e+00
0.000000e+00 0.000000e+00
0.000000e+00 0.000000e+00
0.000000e+00 0.000000e+00 0.000000e+00
0.000000e+00 0.000000e+00
0.000000e+00 0.000000e+00
