0.000000e+00 5.000000e-01
-1.193450e-02 1.003170e+00
0.000000e+00 0.000000e+00 0.000000e+00
0.000000e+00 0.000000e+00 0.000000e+00
0.000000e+00 0.000000e+00 0.000000e+00
0.000000e+00 0.000000e+00 0.000000e+00
0.000000e+00 0.000000e+00 0.000000e+00
7.798719e-02 2.449866e-01 -1.271772e-01 1.231853e-01
1.156119e+00 -1.978717e-01 0.000000e+00 -4.619894e-01
1.559744e-01 1.559744e-01
0.000000e+00 1.162028e+00
8.900000e-01 6.500000e-01
2.724746e-01 0.000000e+00 0.000000e+00
0.000000e+00 0.000000e+00
0.000000e+00 0.000000e+00
0.000000e+00 0.000000e+00
0.000000e+00 0.000000e+00 0.000000e+00
0.000000e+00 0.000000e+00
0.000000e+00 0.000000e+00
