0.000000e+00 5.000000e-01
-4.847593e-02 1.003219e+00
0.000000e+00 0.000000e+00 0.000000e+00
0.000000e+00 0.000000e+00 0.000000e+00
0.000000e+00 0.000000e+00 0.000000e+00
0.000000e+00 0.000000e+00 0.000000e+00
0.000000e+00 0.000000e+00 0.000000e+00
4.687581e-02 2.561407e-01 -1.286486e-01 7.889270e-02
1.155178e+00 -1.782672e-01 0.000000e+00 -4.399840e-01
9.375162e-02 9.375162e-02
0.000000e+00 9.883041e-01
8.900000e-01 6.500000e-01
2.724746e-01 0.000000e+00 0.000000e+00
0.000000e+00 0.000000e+00
0.000000e+00 0.000000e+00
0.000000e+00 0.000000e+00
0.000000e+00 0.000000e+00 0.000000e+00
0.000000e+00 0.000000e+00
0.000000e+00 0.000000e+00
