0.000000e+00 5.000000e-01
-2.550177e-02 1.003222e+00
0.000000e+00 0.000000e+00 0.000000e+00
0.000000e+00 0.000000e+00 0.000000e+00
0.000000e+00 0.000000e+00 0.000000e+00
0.000000e+00 0.000000e+00 0.000000e+00
0.000000e+00 0.000000e+00 0.000000e+00
6.115155e-02 2.534730e-01 -1.297563e-01 1.001905e-01
1.152244e+00 -1.902517e-01 0.000000e+00 -4.372614e-01
1.223031e-01 1.223031e-01
0.000000e+00 1.075641e+00
9.800000e-01 7.200000e-01
2.134980e-01 0.000000e+00 0.000000e+00
0.000000e+00 0.000000e+00
0.000000e+00 0.000000e+00
0.000000e+00 0.000000e+00
0.000000e+00 0.000000e+00 0.000000e+00
0.000000e+00 0.000000e+00
0.000000e+00 0.000000e+00
