0.000000e+00 5.000000e-01
-2.468042e-03 1.003146e+00
0.000000e+00 0.000000e+00 0.000000e+00
0.000000e+00 0.000000e+00 0.000000e+00
0.000000e+00 0.000000e+00 0.000000e+00
0.000000e+00 0.000000e+00 0.000000e+00
0.000000e+00 0.000000e+00 0.000000e+00
1.106458e-01 2.211511e-01 -1.168710e-01 1.637602e-01
1.168963e+00 -2.017140e-01 0.000000e+00 -5.367580e-01
2.212916e-01 2.212916e-01
0.000000e+00 1.298061e+00
9.800000e-01 7.200000e-01
2.134980e-01 0.000000e+00 0.000000e+00
0.000000e+00 0.000000e+00
0.000000e+00 0.000000e+00
0.000000e+00 0.000000e+00
0.000000e+00 0.000000e+00 0.000000e+00
0.000000e+00 0.000000e+00
0.000000e+00 0.000000e+00
