0.000000e+00 5.000000e-01
-6.179008e-02 1.003235e+00
0.000000e+00 0.000000e+00 0.000000e+00
0.000000e+00 0.000000e+00 0.000000e+00
0.000000e+00 0.000000e+00 0.000000e+00
0.000000e+00 0.000000e+00 0.000000e+00
0.000000e+00 0.000000e+00 0.000000e+00
4.358615e-02 2.575707e-01 -1.288348e-01 7.359922e-02
1.163111e+00 -1.749317e-01 0.000000e+00 -4.656285e-01
8.717231e-02 8.717231e-02
0.000000e+00 9.656250e-01
9.800000e-01 7.200000e-01
2.134980e-01 0.000000e+00 0.000000e+00
0.000000e+00 0.000000e+00
0.000000e+00 0.000000e+00
0.000000e+00 0.000000e+00
0.000000e+00 0.000000e+00 0.000000e+00
0.000000e+00 0.000000e+00
0.000000e+00 0.000000e+00
