0.000000e+00 5.000000e-01
-2.030349e-02 1.003228e+00
0.000000e+00 0.000000e+00 0.000000e+00
0.000000e+00 0.000000e+00 0.000000e+00
0.000000e+00 0.000000e+00 0.000000e+00
0.000000e+00 0.000000e+00 0.000000e+00
0.000000e+00 0.000000e+00 0.000000e+00
2.054034e-02 2.477850e-01 -1.208429e-01 3.781899e-02
1.096242e+00 -1.596941e-01 0.000000e+00 -2.426883e-01
4.108069e-02 4.108069e-02
0.000000e+00 7.589443e-01
9.800000e-01 7.200000e-01
2.134980e-01 0.000000e+00 0.000000e+00
0.000000e+00 0.000000e+00
0.000000e+00 0.000000e+00
0.000000e+00 0.000000e+00
0.000000e+00 0.000000e+00 0.000000e+00
0.000000e+00 0.000000e+00
0.000000e+00 0.000000e+00
