0.000000e+00 5.000000e-01
-1.261141e-03 1.003899e+00
0.000000e+00 0.000000e+00 0.000000e+00
0.000000e+00 0.000000e+00 0.000000e+00
0.000000e+00 0.000000e+00 0.000000e+00
0.000000e+00 0.000000e+00 0.000000e+00
0.000000e+00 0.000000e+00 0.000000e+00
1.272385e-01 2.082381e-01 -1.112178e-01 1.826008e-01
1.175944e+00 -2.005316e-01 0.000000e+00 -5.798176e-01
2.544770e-01 2.544770e-01
0.000000e+00 1.356549e+00
9.800000e-01 7.200000e-01
2.134980e-01 0.000000e+00 0.000000e+00
0.000000e+00 0.000000e+00
0.000000e+00 0.000000e+00
0.000000e+00 0.000000e+00
0.000000e+00 0.000000e+00 0.000000e+00
0.000000e+00 0.000000e+00
0.000000e+00 0.000000e+00
