0.000000e+00 5.000000e-01
-4.138056e-02 1.003230e+00
0.000000e+00 0.000000e+00 0.000000e+00
0.000000e+00 0.000000e+00 0.000000e+00
0.000000e+00 0.000000e+00 0.000000e+00
0.000000e+00 0.000000e+00 0.000000e+00
0.000000e+00 0.000000e+00 0.000000e+00
5.241741e-02 2.552532e-01 -1.289394e-01 8.712074e-02
1.155922e+00 -1.826761e-01 0.000000e+00 -4.451107e-01
1.048348e-01 1.048348e-01
0.000000e+00 1.024141e+00
9.800000e-01 7.200000e-01
2.134980e-01 0.000000e+00 0.000000e+00
0.000000e+00 0.000000e+00
0.000000e+00 0.000000e+00
0.000000e+00 0.000000e+00
0.000000e+00 0.000000e+00 0.000000e+00
0.000000e+00 0.000000e+00
0.000000e+00 0.000000e+00
