0.000000e+00 5.000000e-01
-2.407987e-02 1.003248e+00
0.000000e+00 0.000000e+00 0.000000e+00
0.000000e+00 0.000000e+00 0.000000e+00
0.000000e+00 0.000000e+00 0.000000e+00
0.000000e+00 0.000000e+00 0.000000e+00
0.000000e+00 0.000000e+00 0.000000e+00
2.181078e-02 2.503683e-01 -1.227091e-01 4.000377e-02
1.102105e+00 -1.616012e-01 0.000000e+00 -2.609322e-01
4.362156e-02 4.362156e-02
0.000000e+00 7.737030e-01
9.800000e-01 7.200000e-01
2.134980e-01 0.000000e+00 0.000000e+00
0.000000e+00 0.000000e+00
0.000000e+00 0.000000e+00
0.000000e+00 0.000000e+00
0.000000e+00 0.000000e+00 0.000000e+00
0.000000e+00 0.000000e+00
0.000000e+00 0.000000e+00
