0.000000e+00 5.000000e-01
-1.621206e-02 1.003170e+00
0.000000e+00 0.000000e+00 0.000000e+00
0.000000e+00 0.000000e+00 0.000000e+00
0.000000e+00 0.000000e+00 0.000000e+00
0.000000e+00 0.000000e+00 0.000000e+00
0.000000e+00 0.000000e+00 0.000000e+00
1.936129e-02 2.188109e-01 -8.489186e-02 2.892468e-02
1.172901e+00 -1.467084e-01 0.000000e+00 -5.270045e-01
3.872259e-02 3.872259e-02
0.000000e+00 7.446766e-01
9.800000e-01 7.200000e-01
2.134980e-01 0.000000e+00 0.000000e+00
0.000000e+00 0.000000e+00
0.000000e+00 0.000000e+00
0.000000e+00 0.000000e+00
0.000000e+00 0.000000e+00 0.000000e+00
0.000000e+00 0.000000e+00
0.000000e+00 0.000000e+00
