-8.375894e-04 9.969789e-01
0.000000e+00 1.000000e+00
0.000000e+00 0.000000e+00 0.000000e+00
0.000000e+00 0.000000e+00 0.000000e+00
0.000000e+00 0.000000e+00 0.000000e+00
0.000000e+00 0.000000e+00 0.000000e+00
0.000000e+00 0.000000e+00 0.000000e+00
1.012757e-02 2.240780e-01 -1.064633e-01 1.929981e-02
1.063763e+00 -1.472234e-01 0.000000e+00 -1.457967e-01
2.025514e-02 2.025514e-02
0.000000e+00 6.045622e-01
9.800000e-01 7.200000e-01
2.134980e-01 0.000000e+00 0.000000e+00
0.000000e+00 0.000000e+00
0.000000e+00 0.000000e+00
0.000000e+00 0.000000e+00
0.000000e+00 0.000000e+00 0.000000e+00
0.000000e+00 0.000000e+00
0.000000e+00 0.000000e+00
