-2.234377e-03 9.941274e-01
0.000000e+00 1.000000e+00
0.000000e+00 0.000000e+00 0.000000e+00
0.000000e+00 0.000000e+00 0.000000e+00
0.000000e+00 0.000000e+00 0.000000e+00
0.000000e+00 0.000000e+00 0.000000e+00
0.000000e+00 0.000000e+00 0.000000e+00
6.061587e-03 1.914702e-01 -8.496892e-02 1.132093e-02
1.057949e+00 -1.337683e-01 0.000000e+00 -1.347306e-01
1.212317e-02 1.212317e-02
0.000000e+00 5.123271e-01
9.800000e-01 7.200000e-01
2.134980e-01 0.000000e+00 0.000000e+00
0.000000e+00 0.000000e+00
0.000000e+00 0.000000e+00
0.000000e+00 0.000000e+00
0.000000e+00 0.000000e+00 0.000000e+00
0.000000e+00 0.000000e+00
0.000000e+00 0.000000e+00
