0.000000e+00 5.000000e-01
-3.924275e-02 1.003222e+00
0.000000e+00 0.000000e+00 0.000000e+00
0.000000e+00 0.000000e+00 0.000000e+00
0.000000e+00 0.000000e+00 0.000000e+00
0.000000e+00 0.000000e+00 0.000000e+00
0.000000e+00 0.000000e+00 0.000000e+00
5.444568e-02 2.549860e-01 -1.289283e-01 8.994540e-02
1.157421e+00 -1.842431e-01 0.000000e+00 -4.513673e-01
1.088914e-01 1.088914e-01
0.000000e+00 1.036601e+00
9.800000e-01 7.200000e-01
2.134980e-01 0.000000e+00 0.000000e+00
0.000000e+00 0.000000e+00
0.000000e+00 0.000000e+00
0.000000e+00 0.000000e+00
0.000000e+00 0.000000e+00 0.000000e+00
0.000000e+00 0.000000e+00
0.000000e+00 0.000000e+00
