0.000000e+00 5.000000e-01
-6.820152e-02 1.003225e+00
0.000000e+00 0.000000e+00 0.000000e+00
0.000000e+00 0.000000e+00 0.000000e+00
0.000000e+00 0.000000e+00 0.000000e+00
0.000000e+00 0.000000e+00 0.000000e+00
0.000000e+00 0.000000e+00 0.000000e+00
4.058103e-02 2.550006e-01 -1.221522e-01 6.515920e-02
1.180464e+00 -1.704381e-01 0.000000e+00 -5.257629e-01
8.116206e-02 8.116206e-02
0.000000e+00 9.438507e-01
9.800000e-01 7.200000e-01
2.134980e-01 0.000000e+00 0.000000e+00
0.000000e+00 0.000000e+00
0.000000e+00 0.000000e+00
0.000000e+00 0.000000e+00
0.000000e+00 0.000000e+00 0.000000e+00
0.000000e+00 0.000000e+00
0.000000e+00 0.000000e+00
