0.000000e+00 5.000000e-01
-6.354141e-02 1.003228e+00
0.000000e+00 0.000000e+00 0.000000e+00
0.000000e+00 0.000000e+00 0.000000e+00
0.000000e+00 0.000000e+00 0.000000e+00
0.000000e+00 0.000000e+00 0.000000e+00
0.000000e+00 0.000000e+00 0.000000e+00
3.654409e-02 2.573024e-01 -1.262601e-01 6.155541e-02
1.161596e+00 -1.707518e-01 0.000000e+00 -4.583955e-01
7.308819e-02 7.308819e-02
0.000000e+00 9.127753e-01
9.800000e-01 7.200000e-01
2.134980e-01 0.000000e+00 0.000000e+00
0.000000e+00 0.000000e+00
0.000000e+00 0.000000e+00
0.000000e+00 0.000000e+00
0.000000e+00 0.000000e+00 0.000000e+00
0.000000e+00 0.000000e+00
0.000000e+00 0.000000e+00
