0.000000e+00 5.000000e-01
-3.746256e-02 1.003222e+00
0.000000e+00 0.000000e+00 0.000000e+00
0.000000e+00 0.000000e+00 0.000000e+00
0.000000e+00 0.000000e+00 0.000000e+00
0.000000e+00 0.000000e+00 0.000000e+00
0.000000e+00 0.000000e+00 0.000000e+00
2.544589e-02 2.550163e-01 -1.257844e-01 4.563567e-02
1.120901e+00 -1.650779e-01 0.000000e+00 -3.208971e-01
5.089178e-02 5.089178e-02
0.000000e+00 8.129126e-01
9.800000e-01 7.200000e-01
2.134980e-01 0.000000e+00 0.000000e+00
0.000000e+00 0.000000e+00
0.000000e+00 0.000000e+00
0.000000e+00 0.000000e+00
0.000000e+00 0.000000e+00 0.000000e+00
0.000000e+00 0.000000e+00
0.000000e+00 0.000000e+00
