0.000000e+00 5.000000e-01
-1.012405e-02 1.003299e+00
0.000000e+00 0.000000e+00 0.000000e+00
0.000000e+00 0.000000e+00 0.000000e+00
0.000000e+00 0.000000e+00 0.000000e+00
0.000000e+00 0.000000e+00 0.000000e+00
0.000000e+00 0.000000e+00 0.000000e+00
8.486762e-02 2.402758e-01 -1.234245e-01 1.298471e-01
1.166406e+00 -1.980498e-01 0.000000e+00 -5.048807e-01
1.697352e-01 1.697352e-01
0.000000e+00 1.193597e+00
9.800000e-01 7.200000e-01
2.134980e-01 0.000000e+00 0.000000e+00
0.000000e+00 0.000000e+00
0.000000e+00 0.000000e+00
0.000000e+00 0.000000e+00
0.000000e+00 0.000000e+00 0.000000e+00
0.000000e+00 0.000000e+00
0.000000e+00 0.000000e+00
