0.000000e+00 5.000000e-01
-5.764413e-04 1.003414e+00
0.000000e+00 0.000000e+00 0.000000e+00
0.000000e+00 0.000000e+00 0.000000e+00
0.000000e+00 0.000000e+00 0.000000e+00
0.000000e+00 0.000000e+00 0.000000e+00
0.000000e+00 0.000000e+00 0.000000e+00
1.470857e-01 1.927214e-01 -1.045216e-01 2.040748e-01
1.180057e+00 -1.986382e-01 0.000000e+00 -6.190515e-01
2.941714e-01 2.941714e-01
0.000000e+00 1.419866e+00
9.800000e-01 7.200000e-01
2.134980e-01 0.000000e+00 0.000000e+00
0.000000e+00 0.000000e+00
0.000000e+00 0.000000e+00
0.000000e+00 0.000000e+00
0.000000e+00 0.000000e+00 0.000000e+00
0.000000e+00 0.000000e+00
0.000000e+00 0.000000e+00
