0.000000e+00 5.000000e-01
-3.927871e-02 1.003175e+00
0.000000e+00 0.000000e+00 0.000000e+00
0.000000e+00 0.000000e+00 0.000000e+00
0.000000e+00 0.000000e+00 0.000000e+00
0.000000e+00 0.000000e+00 0.000000e+00
0.000000e+00 0.000000e+00 0.000000e+00
2.626193e-02 2.553137e-01 -1.255194e-01 4.654015e-02
1.126072e+00 -1.655545e-01 0.000000e+00 -3.377727e-01
5.252385e-02 5.252385e-02
0.000000e+00 8.211784e-01
9.800000e-01 7.200000e-01
2.134980e-01 0.000000e+00 0.000000e+00
0.000000e+00 0.000000e+00
0.000000e+00 0.000000e+00
0.000000e+00 0.000000e+00
0.000000e+00 0.000000e+00 0.000000e+00
0.000000e+00 0.000000e+00
0.000000e+00 0.000000e+00
