0.000000e+00 5.000000e-01
-1.210812e-02 1.003166e+00
0.000000e+00 0.000000e+00 0.000000e+00
0.000000e+00 0.000000e+00 0.000000e+00
0.000000e+00 0.000000e+00 0.000000e+00
0.000000e+00 0.000000e+00 0.000000e+00
0.000000e+00 0.000000e+00 0.000000e+00
8.133607e-02 2.428333e-01 -1.262506e-01 1.274963e-01
1.158441e+00 -1.985369e-01 0.000000e+00 -4.726967e-01
1.626721e-01 1.626721e-01
0.000000e+00 1.177626e+00
8.200000e-01 6.200000e-01
2.985562e-01 0.000000e+00 0.000000e+00
0.000000e+00 0.000000e+00
0.000000e+00 0.000000e+00
0.000000e+00 0.000000e+00
0.000000e+00 0.000000e+00 0.000000e+00
0.000000e+00 0.000000e+00
0.000000e+00 0.000000e+00
