0.000000e+00 5.000000e-01
-6.539051e-02 1.003233e+00
0.000000e+00 0.000000e+00 0.000000e+00
0.000000e+00 0.000000e+00 0.000000e+00
0.000000e+00 0.000000e+00 0.000000e+00
0.000000e+00 0.000000e+00 0.000000e+00
0.000000e+00 0.000000e+00 0.000000e+00
3.917593e-02 2.555893e-01 -1.228419e-01 6.349335e-02
1.176039e+00 -1.703604e-01 0.000000e+00 -5.095857e-01
7.835186e-02 7.835186e-02
0.000000e+00 9.332868e-01
8.200000e-01 6.200000e-01
2.985562e-01 0.000000e+00 0.000000e+00
0.000000e+00 0.000000e+00
0.000000e+00 0.000000e+00
0.000000e+00 0.000000e+00
0.000000e+00 0.000000e+00 0.000000e+00
0.000000e+00 0.000000e+00
0.000000e+00 0.000000e+00
