-5.909137e-01 5.913199e-01
0.000000e+00 1.000000e+00
0.000000e+00 0.000000e+00 0.000000e+00
0.000000e+00 0.000000e+00 0.000000e+00
0.000000e+00 0.000000e+00 0.000000e+00
0.000000e+00 0.000000e+00 0.000000e+00
0.000000e+00 0.000000e+00 0.000000e+00
1.154486e-03 2.042257e-02 1.442447e-02 1.280535e-04
6.838545e-01 -2.070623e-02 0.000000e+00 -8.060367e-01
2.308972e-03 2.308972e-03
0.000000e+00 2.996072e-01
8.200000e-01 6.200000e-01
2.985562e-01 0.000000e+00 0.000000e+00
0.000000e+00 0.000000e+00
0.000000e+00 0.000000e+00
0.000000e+00 0.000000e+00
0.000000e+00 0.000000e+00 0.000000e+00
0.000000e+00 0.000000e+00
0.000000e+00 0.000000e+00
