-3.139881e-04 1.000061e+00
0.000000e+00 1.000000e+00
0.000000e+00 0.000000e+00 0.000000e+00
0.000000e+00 0.000000e+00 0.000000e+00
0.000000e+00 0.000000e+00 0.000000e+00
0.000000e+00 0.000000e+00 0.000000e+00
0.000000e+00 0.000000e+00 0.000000e+00
1.458910e-02 2.381307e-01 -1.150281e-01 2.757185e-02
1.074005e+00 -1.541429e-01 0.000000e+00 -1.745718e-01
2.917819e-02 2.917819e-02
0.000000e+00 6.799395e-01
8.200000e-01 6.200000e-01
2.985562e-01 0.000000e+00 0.000000e+00
0.000000e+00 0.000000e+00
0.000000e+00 0.000000e+00
0.000000e+00 0.000000e+00
0.000000e+00 0.000000e+00 0.000000e+00
0.000000e+00 0.000000e+00
0.000000e+00 0.000000e+00
