0.000000e+00 5.000000e-01
-5.127283e-03 1.003279e+00
0.000000e+00 0.000000e+00 0.000000e+00
0.000000e+00 0.000000e+00 0.000000e+00
0.000000e+00 0.000000e+00 0.000000e+00
0.000000e+00 0.000000e+00 0.000000e+00
0.000000e+00 0.000000e+00 0.000000e+00
1.010785e-01 2.284898e-01 -1.201764e-01 1.525632e-01
1.166167e+00 -2.013046e-01 0.000000e+00 -5.172780e-01
2.021569e-01 2.021569e-01
0.000000e+00 1.261497e+00
8.200000e-01 6.200000e-01
2.985562e-01 0.000000e+00 0.000000e+00
0.000000e+00 0.000000e+00
0.000000e+00 0.000000e+00
0.000000e+00 0.000000e+00
0.000000e+00 0.000000e+00 0.000000e+00
0.000000e+00 0.000000e+00
0.000000e+00 0.000000e+00
