0.000000e+00 5.000000e-01
-6.535063e-02 1.003212e+00
0.000000e+00 0.000000e+00 0.000000e+00
0.000000e+00 0.000000e+00 0.000000e+00
0.000000e+00 0.000000e+00 0.000000e+00
0.000000e+00 0.000000e+00 0.000000e+00
0.000000e+00 0.000000e+00 0.000000e+00
3.191309e-02 2.592426e-01 -1.290538e-01 5.580163e-02
1.151665e+00 -1.679205e-01 0.000000e+00 -4.229373e-01
6.382617e-02 6.382617e-02
0.000000e+00 8.740629e-01
8.200000e-01 6.200000e-01
2.985562e-01 0.000000e+00 0.000000e+00
0.000000e+00 0.000000e+00
0.000000e+00 0.000000e+00
0.000000e+00 0.000000e+00
0.000000e+00 0.000000e+00 0.000000e+00
0.000000e+00 0.000000e+00
0.000000e+00 0.000000e+00
