0.000000e+00 5.000000e-01
-2.200236e-02 1.003195e+00
0.000000e+00 0.000000e+00 0.000000e+00
0.000000e+00 0.000000e+00 0.000000e+00
0.000000e+00 0.000000e+00 0.000000e+00
0.000000e+00 0.000000e+00 0.000000e+00
0.000000e+00 0.000000e+00 0.000000e+00
2.116362e-02 2.490296e-01 -1.217557e-01 3.881022e-02
1.098906e+00 -1.605900e-01 0.000000e+00 -2.509511e-01
4.232724e-02 4.232724e-02
0.000000e+00 7.662608e-01
8.200000e-01 6.200000e-01
2.985562e-01 0.000000e+00 0.000000e+00
0.000000e+00 0.000000e+00
0.000000e+00 0.000000e+00
0.000000e+00 0.000000e+00
0.000000e+00 0.000000e+00 0.000000e+00
0.000000e+00 0.000000e+00
0.000000e+00 0.000000e+00
