0.000000e+00 5.000000e-01
0.000000e+00 1.000000e+00
0.000000e+00 0.000000e+00 0.000000e+00
0.000000e+00 0.000000e+00 0.000000e+00
0.000000e+00 0.000000e+00 0.000000e+00
0.000000e+00 0.000000e+00 0.000000e+00
0.000000e+00 0.000000e+00 0.000000e+00
1.103145e-01 2.000000e-01 -5.000000e-02 0.000000e+00
1.000000e+00 -1.500000e-01 0.000000e+00 -1.000000e-01
2.206291e-01 2.206291e-01
0.000000e+00 1.298061e+00
8.200000e-01 6.200000e-01
2.985562e-01 0.000000e+00 0.000000e+00
0.000000e+00 0.000000e+00
0.000000e+00 0.000000e+00
0.000000e+00 0.000000e+00
0.000000e+00 0.000000e+00 0.000000e+00
0.000000e+00 0.000000e+00
0.000000e+00 0.000000e+00
