0.000000e+00 5.000000e-01
-5.592614e-02 1.003205e+00
0.000000e+00 0.000000e+00 0.000000e+00
0.000000e+00 0.000000e+00 0.000000e+00
0.000000e+00 0.000000e+00 0.000000e+00
0.000000e+00 0.000000e+00 0.000000e+00
0.000000e+00 0.000000e+00 0.000000e+00
4.519345e-02 2.569967e-01 -1.289045e-01 7.621490e-02
1.159105e+00 -1.765747e-01 0.000000e+00 -4.525631e-01
9.038689e-02 9.038689e-02
0.000000e+00 9.768482e-01
8.200000e-01 6.200000e-01
2.985562e-01 0.000000e+00 0.000000e+00
0.000000e+00 0.000000e+00
0.000000e+00 0.000000e+00
0.000000e+00 0.000000e+00
0.000000e+00 0.000000e+00 0.000000e+00
0.000000e+00 0.000000e+00
0.000000e+00 0.000000e+00
