0.000000e+00 5.000000e-01
-3.831912e-05 1.998986e+00
0.000000e+00 0.000000e+00 0.000000e+00
0.000000e+00 0.000000e+00 0.000000e+00
0.000000e+00 0.000000e+00 0.000000e+00
0.000000e+00 0.000000e+00 0.000000e+00
0.000000e+00 0.000000e+00 0.000000e+00
1.709908e-01 1.748980e-01 -9.704626e-02 2.280031e-01
1.183529e+00 -1.950680e-01 0.000000e+00 -6.640351e-01
3.419815e-01 3.419815e-01
0.000000e+00 1.488607e+00
8.200000e-01 6.200000e-01
2.985562e-01 0.000000e+00 0.000000e+00
0.000000e+00 0.000000e+00
0.000000e+00 0.000000e+00
0.000000e+00 0.000000e+00
0.000000e+00 0.000000e+00 0.000000e+00
0.000000e+00 0.000000e+00
0.000000e+00 0.000000e+00
