0.000000e+00 5.000000e-01
-5.857731e-03 1.003317e+00
0.000000e+00 0.000000e+00 0.000000e+00
0.000000e+00 0.000000e+00 0.000000e+00
0.000000e+00 0.000000e+00 0.000000e+00
0.000000e+00 0.000000e+00 0.000000e+00
0.000000e+00 0.000000e+00 0.000000e+00
9.252829e-02 2.349195e-01 -1.229066e-01 1.418536e-01
1.161515e+00 -2.008910e-01 0.000000e+00 -4.929805e-01
1.850566e-01 1.850566e-01
0.000000e+00 1.226717e+00
8.200000e-01 6.200000e-01
2.985562e-01 0.000000e+00 0.000000e+00
0.000000e+00 0.000000e+00
0.000000e+00 0.000000e+00
0.000000e+00 0.000000e+00
0.000000e+00 0.000000e+00 0.000000e+00
0.000000e+00 0.000000e+00
0.000000e+00 0.000000e+00
