0.000000e+00 5.000000e-01
-4.877912e-04 1.267620e+00
0.000000e+00 0.000000e+00 0.000000e+00
0.000000e+00 0.000000e+00 0.000000e+00
0.000000e+00 0.000000e+00 0.000000e+00
0.000000e+00 0.000000e+00 0.000000e+00
0.000000e+00 0.000000e+00 0.000000e+00
1.545572e-01 1.870341e-01 -1.020981e-01 2.117645e-01
1.181364e+00 -1.976305e-01 0.000000e+00 -6.335830e-01
3.091145e-01 3.091145e-01
0.000000e+00 1.442145e+00
8.200000e-01 6.200000e-01
2.985562e-01 0.000000e+00 0.000000e+00
0.000000e+00 0.000000e+00
0.000000e+00 0.000000e+00
0.000000e+00 0.000000e+00
0.000000e+00 0.000000e+00 0.000000e+00
0.000000e+00 0.000000e+00
0.000000e+00 0.000000e+00
