0.000000e+00 5.000000e-01
-2.270868e-02 1.003232e+00
0.000000e+00 0.000000e+00 0.000000e+00
0.000000e+00 0.000000e+00 0.000000e+00
0.000000e+00 0.000000e+00 0.000000e+00
0.000000e+00 0.000000e+00 0.000000e+00
0.000000e+00 0.000000e+00 0.000000e+00
6.620457e-02 2.514827e-01 -1.293221e-01 1.071653e-01
1.154922e+00 -1.927265e-01 0.000000e+00 -4.495372e-01
1.324091e-01 1.324091e-01
0.000000e+00 1.103139e+00
8.200000e-01 6.200000e-01
2.985562e-01 0.000000e+00 0.000000e+00
0.000000e+00 0.000000e+00
0.000000e+00 0.000000e+00
0.000000e+00 0.000000e+00
0.000000e+00 0.000000e+00 0.000000e+00
0.000000e+00 0.000000e+00
0.000000e+00 0.000000e+00
