0.000000e+00 5.000000e-01
-7.012538e-02 1.003221e+00
0.000000e+00 0.000000e+00 0.000000e+00
0.000000e+00 0.000000e+00 0.000000e+00
0.000000e+00 0.000000e+00 0.000000e+00
0.000000e+00 0.000000e+00 0.000000e+00
0.000000e+00 0.000000e+00 0.000000e+00
3.413027e-02 2.593843e-01 -1.290733e-01 5.905430e-02
1.158740e+00 -1.688151e-01 0.000000e+00 -4.473889e-01
6.826055e-02 6.826055e-02
0.000000e+00 8.930481e-01
9.200000e-01 7.200000e-01
2.134980e-01 0.000000e+00 0.000000e+00
0.000000e+00 0.000000e+00
0.000000e+00 0.000000e+00
0.000000e+00 0.000000e+00
0.000000e+00 0.000000e+00 0.000000e+00
0.000000e+00 0.000000e+00
0.000000e+00 0.000000e+00
