0.000000e+00 5.000000e-01
0.000000e+00 1.000000e+00
0.000000e+00 0.000000e+00 0.000000e+00
0.000000e+00 0.000000e+00 0.000000e+00
0.000000e+00 0.000000e+00 0.000000e+00
0.000000e+00 0.000000e+00 0.000000e+00
0.000000e+00 0.000000e+00 0.000000e+00
1.582232e-03 1.195433e-01 -4.642011e-02 3.177480e-03
1.025201e+00 -9.673344e-02 0.000000e+00 -5.115324e-02
3.164464e-03 3.164464e-03
0.000000e+00 3.318161e-01
9.200000e-01 7.200000e-01
2.134980e-01 0.000000e+00 0.000000e+00
0.000000e+00 0.000000e+00
0.000000e+00 0.000000e+00
0.000000e+00 0.000000e+00
0.000000e+00 0.000000e+00 0.000000e+00
0.000000e+00 0.000000e+00
0.000000e+00 0.000000e+00
