0.000000e+00 5.000000e-01
-4.104661e-04 1.004140e+00
0.000000e+00 0.000000e+00 0.000000e+00
0.000000e+00 0.000000e+00 0.000000e+00
0.000000e+00 0.000000e+00 0.000000e+00
0.000000e+00 0.000000e+00 0.000000e+00
0.000000e+00 0.000000e+00 0.000000e+00
1.625128e-01 1.809337e-01 -9.954417e-02 2.199503e-01
1.182614e+00 -1.963921e-01 0.000000e+00 -6.491960e-01
3.250256e-01 3.250256e-01
0.000000e+00 1.465050e+00
9.200000e-01 7.200000e-01
2.134980e-01 0.000000e+00 0.000000e+00
0.000000e+00 0.000000e+00
0.000000e+00 0.000000e+00
0.000000e+00 0.000000e+00
0.000000e+00 0.000000e+00 0.000000e+00
0.000000e+00 0.000000e+00
0.000000e+00 0.000000e+00
