0.000000e+00 5.000000e-01
-6.651052e-02 1.003210e+00
0.000000e+00 0.000000e+00 0.000000e+00
0.000000e+00 0.000000e+00 0.000000e+00
0.000000e+00 0.000000e+00 0.000000e+00
0.000000e+00 0.000000e+00 0.000000e+00
0.000000e+00 0.000000e+00 0.000000e+00
3.531133e-02 2.583796e-01 -1.277398e-01 6.015763e-02
1.159448e+00 -1.698519e-01 0.000000e+00 -4.503420e-01
7.062266e-02 7.062266e-02
0.000000e+00 9.028164e-01
9.200000e-01 7.200000e-01
2.134980e-01 0.000000e+00 0.000000e+00
0.000000e+00 0.000000e+00
0.000000e+00 0.000000e+00
0.000000e+00 0.000000e+00
0.000000e+00 0.000000e+00 0.000000e+00
0.000000e+00 0.000000e+00
0.000000e+00 0.000000e+00
