0.000000e+00 5.000000e-01
-4.560993e-02 1.003223e+00
0.000000e+00 0.000000e+00 0.000000e+00
0.000000e+00 0.000000e+00 0.000000e+00
0.000000e+00 0.000000e+00 0.000000e+00
0.000000e+00 0.000000e+00 0.000000e+00
0.000000e+00 0.000000e+00 0.000000e+00
4.863751e-02 2.551079e-01 -1.281006e-01 8.151950e-02
1.155105e+00 -1.791702e-01 0.000000e+00 -4.406162e-01
9.727502e-02 9.727502e-02
0.000000e+00 1.000000e+00
9.200000e-01 7.200000e-01
2.134980e-01 0.000000e+00 0.000000e+00
0.000000e+00 0.000000e+00
0.000000e+00 0.000000e+00
0.000000e+00 0.000000e+00
0.000000e+00 0.000000e+00 0.000000e+00
0.000000e+00 0.000000e+00
0.000000e+00 0.000000e+00
