0.000000e+00 5.000000e-01
-4.406596e-02 1.003220e+00
0.000000e+00 0.000000e+00 0.000000e+00
0.000000e+00 0.000000e+00 0.000000e+00
0.000000e+00 0.000000e+00 0.000000e+00
0.000000e+00 0.000000e+00 0.000000e+00
0.000000e+00 0.000000e+00 0.000000e+00
5.048309e-02 2.552303e-01 -1.285199e-01 8.429024e-02
1.156348e+00 -1.808140e-01 0.000000e+00 -4.456883e-01
1.009662e-01 1.009662e-01
0.000000e+00 1.011943e+00
9.200000e-01 7.200000e-01
2.134980e-01 0.000000e+00 0.000000e+00
0.000000e+00 0.000000e+00
0.000000e+00 0.000000e+00
0.000000e+00 0.000000e+00
0.000000e+00 0.000000e+00 0.000000e+00
0.000000e+00 0.000000e+00
0.000000e+00 0.000000e+00
