0.000000e+00 5.000000e-01
-2.144098e-03 1.003367e+00
0.000000e+00 0.000000e+00 0.000000e+00
0.000000e+00 0.000000e+00 0.000000e+00
0.000000e+00 0.000000e+00 0.000000e+00
0.000000e+00 0.000000e+00 0.000000e+00
0.000000e+00 0.000000e+00 0.000000e+00
1.158567e-01 2.171181e-01 -1.149123e-01 1.695257e-01
1.172506e+00 -2.011605e-01 0.000000e+00 -5.551859e-01
2.317134e-01 2.317134e-01
0.000000e+00 1.317054e+00
9.200000e-01 7.200000e-01
2.134980e-01 0.000000e+00 0.000000e+00
0.000000e+00 0.000000e+00
0.000000e+00 0.000000e+00
0.000000e+00 0.000000e+00
0.000000e+00 0.000000e+00 0.000000e+00
0.000000e+00 0.000000e+00
0.000000e+00 0.000000e+00
