0.000000e+00 5.000000e-01
-6.720267e-02 1.003224e+00
0.000000e+00 0.000000e+00 0.000000e+00
0.000000e+00 0.000000e+00 0.000000e+00
0.000000e+00 0.000000e+00 0.000000e+00
0.000000e+00 0.000000e+00 0.000000e+00
0.000000e+00 0.000000e+00 0.000000e+00
4.204993e-02 2.567530e-01 -1.260880e-01 6.930141e-02
1.172243e+00 -1.724758e-01 0.000000e+00 -4.969470e-01
8.409986e-02 8.409986e-02
0.000000e+00 9.546280e-01
9.200000e-01 7.200000e-01
2.134980e-01 0.000000e+00 0.000000e+00
0.000000e+00 0.000000e+00
0.000000e+00 0.000000e+00
0.000000e+00 0.000000e+00
0.000000e+00 0.000000e+00 0.000000e+00
0.000000e+00 0.000000e+00
0.000000e+00 0.000000e+00
