-1.791109e-04 1.001100e+00
0.000000e+00 1.000000e+00
0.000000e+00 0.000000e+00 0.000000e+00
0.000000e+00 0.000000e+00 0.000000e+00
0.000000e+00 0.000000e+00 0.000000e+00
0.000000e+00 0.000000e+00 0.000000e+00
0.000000e+00 0.000000e+00 0.000000e+00
8.538892e-03 2.178542e-01 -1.042057e-01 1.674312e-02
1.054409e+00 -1.435517e-01 0.000000e+00 -1.187180e-01
1.707778e-02 1.707778e-02
0.000000e+00 5.722131e-01
9.200000e-01 7.200000e-01
2.134980e-01 0.000000e+00 0.000000e+00
0.000000e+00 0.000000e+00
0.000000e+00 0.000000e+00
0.000000e+00 0.000000e+00
0.000000e+00 0.000000e+00 0.000000e+00
0.000000e+00 0.000000e+00
0.000000e+00 0.000000e+00
