0.000000e+00 5.000000e-01
-1.460598e-02 1.003176e+00
0.000000e+00 0.000000e+00 0.000000e+00
0.000000e+00 0.000000e+00 0.000000e+00
0.000000e+00 0.000000e+00 0.000000e+00
0.000000e+00 0.000000e+00 0.000000e+00
0.000000e+00 0.000000e+00 0.000000e+00
1.880357e-02 2.397376e-01 -1.127585e-01 3.377724e-02
1.097032e+00 -1.563391e-01 0.000000e+00 -2.467900e-01
3.760714e-02 3.760714e-02
0.000000e+00 7.377195e-01
9.200000e-01 7.200000e-01
2.134980e-01 0.000000e+00 0.000000e+00
0.000000e+00 0.000000e+00
0.000000e+00 0.000000e+00
0.000000e+00 0.000000e+00
0.000000e+00 0.000000e+00 0.000000e+00
0.000000e+00 0.000000e+00
0.000000e+00 0.000000e+00
