0.000000e+00 5.000000e-01
-6.956145e-02 1.003223e+00
0.000000e+00 0.000000e+00 0.000000e+00
0.000000e+00 0.000000e+00 0.000000e+00
0.000000e+00 0.000000e+00 0.000000e+00
0.000000e+00 0.000000e+00 0.000000e+00
0.000000e+00 0.000000e+00 0.000000e+00
3.299834e-02 2.594618e-01 -1.292305e-01 5.741154e-02
1.156165e+00 -1.681590e-01 0.000000e+00 -4.383357e-01
6.599668e-02 6.599668e-02
0.000000e+00 8.834653e-01
9.200000e-01 7.200000e-01
2.134980e-01 0.000000e+00 0.000000e+00
0.000000e+00 0.000000e+00
0.000000e+00 0.000000e+00
0.000000e+00 0.000000e+00
0.000000e+00 0.000000e+00 0.000000e+00
0.000000e+00 0.000000e+00
0.000000e+00 0.000000e+00
