0.000000e+00 5.000000e-01
-1.305058e-02 1.003174e+00
0.000000e+00 0.000000e+00 0.000000e+00
0.000000e+00 0.000000e+00 0.000000e+00
0.000000e+00 0.000000e+00 0.000000e+00
0.000000e+00 0.000000e+00 0.000000e+00
0.000000e+00 0.000000e+00 0.000000e+00
7.480970e-02 2.468418e-01 -1.278783e-01 1.191314e-01
1.154787e+00 -1.969631e-01 0.000000e+00 -4.551021e-01
1.496194e-01 1.496194e-01
0.000000e+00 1.146792e+00
9.200000e-01 7.200000e-01
2.134980e-01 0.000000e+00 0.000000e+00
0.000000e+00 0.000000e+00
0.000000e+00 0.000000e+00
0.000000e+00 0.000000e+00
0.000000e+00 0.000000e+00 0.000000e+00
0.000000e+00 0.000000e+00
0.000000e+00 0.000000e+00
