0.000000e+00 5.000000e-01
-5.595779e-02 1.003193e+00
0.000000e+00 0.000000e+00 0.000000e+00
0.000000e+00 0.000000e+00 0.000000e+00
0.000000e+00 0.000000e+00 0.000000e+00
0.000000e+00 0.000000e+00 0.000000e+00
0.000000e+00 0.000000e+00 0.000000e+00
2.987357e-02 2.577851e-01 -1.272327e-01 5.208281e-02
1.144952e+00 -1.670416e-01 0.000000e+00 -4.002712e-01
5.974713e-02 5.974713e-02
0.000000e+00 8.557803e-01
9.200000e-01 7.200000e-01
2.134980e-01 0.000000e+00 0.000000e+00
0.000000e+00 0.000000e+00
0.000000e+00 0.000000e+00
0.000000e+00 0.000000e+00
0.000000e+00 0.000000e+00 0.000000e+00
0.000000e+00 0.000000e+00
0.000000e+00 0.000000e+00
