0.000000e+00 5.000000e-01
-1.804708e-02 1.003244e+00
0.000000e+00 0.000000e+00 0.000000e+00
0.000000e+00 0.000000e+00 0.000000e+00
0.000000e+00 0.000000e+00 0.000000e+00
0.000000e+00 0.000000e+00 0.000000e+00
0.000000e+00 0.000000e+00 0.000000e+00
1.993990e-02 2.465580e-01 -1.199709e-01 3.690489e-02
1.093154e+00 -1.589058e-01 0.000000e+00 -2.331126e-01
3.987981e-02 3.987981e-02
0.000000e+00 7.517505e-01
9.200000e-01 7.200000e-01
2.134980e-01 0.000000e+00 0.000000e+00
0.000000e+00 0.000000e+00
0.000000e+00 0.000000e+00
0.000000e+00 0.000000e+00
0.000000e+00 0.000000e+00 0.000000e+00
0.000000e+00 0.000000e+00
0.000000e+00 0.000000e+00
