-3.314942e-03 9.765168e-01
0.000000e+00 1.000000e+00
0.000000e+00 0.000000e+00 0.000000e+00
0.000000e+00 0.000000e+00 0.000000e+00
0.000000e+00 0.000000e+00 0.000000e+00
0.000000e+00 0.000000e+00 0.000000e+00
0.000000e+00 0.000000e+00 0.000000e+00
9.178479e-03 2.130937e-01 -9.616906e-02 1.668941e-02
1.075238e+00 -1.441437e-01 0.000000e+00 -1.840144e-01
1.835696e-02 1.835696e-02
0.000000e+00 5.856929e-01
9.200000e-01 7.200000e-01
2.134980e-01 0.000000e+00 0.000000e+00
0.000000e+00 0.000000e+00
0.000000e+00 0.000000e+00
0.000000e+00 0.000000e+00
0.000000e+00 0.000000e+00 0.000000e+00
0.000000e+00 0.000000e+00
0.000000e+00 0.000000e+00
